-3.000000 0.450000
-2.800000 0.392000
-2.600000 0.338000
-2.400000 0.288000
-2.200000 0.242000
-2.000000 0.200000
-1.800000 0.162000
-1.600000 0.128000
-1.400000 0.098000
-1.200000 0.072000
-1.000000 0.050000
-0.800000 0.032000
-0.600000 0.018000
-0.400000 0.008000
-0.200000 0.002000
0.000000 0.000000
0.200000 0.002000
0.400000 0.008000
0.600000 0.018000
0.800000 0.032000
1.000000 0.050000
1.200000 0.072000
1.400000 0.098000
1.600000 0.128000
1.800000 0.162000
2.000000 0.200000
2.200000 0.242000
2.400000 0.288000
2.600000 0.338000
2.800000 0.392000